0 500 2.23606797749979
0 499 5.385164807134504
0 501 7.280109889280518
0 420 8.06225774829855
0 419 9.433981132056603
0 421 10.63014581273465
0 498 11.180339887498949
0 580 12.041594578792296
0 579 13.0
0 502 13.152946437965905
0 418 13.601470508735444
0 581 13.892443989449804
0 422 15.264337522473747
0 578 16.278820596099706
0 497 17.11724276862369
0 582 17.69180601295413
0 340 18.027756377319946
0 339 18.681541692269406
0 417 18.788294228055936
0 503 19.1049731745428
0 341 19.313207915827967
0 423 20.615528128088304
0 577 20.808652046684813
0 338 21.095023109728988
0 660 22.02271554554524
0 342 22.20360331117452
0 583 22.47220505424423
0 659 22.561028345356956
0 496 23.08679276123039
0 661 23.08679276123039
0 416 24.351591323771842
0 658 24.596747752497688
0 337 24.758836806279895
0 504 25.079872407968907
0 662 25.553864678361276
0 576 25.942243542145693
0 343 26.1725046566048
0 424 26.248809496813376
0 584 27.730849247724095
0 657 27.80287754891569
0 260 28.0178514522438
0 259 28.442925306655784
0 261 28.861739379323623
0 495 29.068883707497267
0 663 29.068883707497267
0 336 29.206163733020468
0 258 30.083217912982647
0 415 30.083217912982647
0 344 30.805843601498726
0 262 30.870698080866262
1 541 3.605551275463989
1 542 3.605551275463989
1 461 8.54400374531753
1 462 8.54400374531753
1 540 9.219544457292887
1 543 9.219544457292887
1 460 12.041594578792296
1 463 12.041594578792296
1 621 12.36931687685298
1 622 12.36931687685298
1 620 15.0
1 623 15.0
1 539 15.132745950421556
1 544 15.132745950421556
1 459 17.0
1 464 17.0
1 381 18.24828759089466
1 382 18.24828759089466
1 619 19.209372712298546
1 624 19.209372712298546
1 380 20.12461179749811
1 383 20.12461179749811
1 538 21.095023109728988
1 545 21.095023109728988
1 701 22.20360331117452
1 702 22.20360331117452
1 458 22.47220505424423
1 465 22.47220505424423
1 379 23.430749027719962
1 384 23.430749027719962
1 700 23.769728648009426
1 703 23.769728648009426
1 618 24.186773244895647
1 625 24.186773244895647
1 699 26.627053911388696
1 704 26.627053911388696
1 537 27.073972741361768
1 546 27.073972741361768
1 378 27.65863337187866
1 385 27.65863337187866
1 301 28.160255680657446
1 302 28.160255680657446
1 457 28.160255680657446
1 466 28.160255680657446
1 300 29.410882339705484
1 303 29.410882339705484
1 617 29.546573405388315
1 626 29.546573405388315
1 698 30.4138126514911
1 705 30.4138126514911
2 1460 4.123105625617661
2 1540 6.082762530298219
2 1459 6.4031242374328485
2 1539 7.810249675906654
2 1461 8.06225774829855
2 1541 9.219544457292887
2 1458 11.704699910719626
2 1538 12.529964086141668
2 1462 13.601470508735444
2 1380 14.035668847618199
2 1542 14.317821063276353
2 1379 14.866068747318506
2 1381 15.652475842498529
2 1620 16.0312195418814
2 1619 16.76305461424021
2 1457 17.46424919657298
2 1621 17.46424919657298
2 1378 17.804493814764857
2 1537 18.027756377319946
2 1382 19.1049731745428
2 1463 19.4164878389476
2 1618 19.4164878389476
2 1543 19.924858845171276
2 1622 20.615528128088304
2 1377 22.02271554554524
2 1456 23.345235059857504
2 1617 23.345235059857504
2 1383 23.600847442411894
2 1536 23.769728648009426
2 1300 24.020824298928627
2 1299 24.515301344262525
2 1623 24.839484696748443
2 1301 25.0
2 1464 25.317977802344327
2 1544 25.709920264364882
2 1700 26.019223662515376
2 1298 26.40075756488817
2 1699 26.476404589747453
2 1376 26.92582403567252
2 1701 26.92582403567252
2 1302 27.294688127912362
2 1616 28.0178514522438
2 1698 28.231188426986208
2 1384 28.653097563788805
2 1702 29.068883707497267
2 1455 29.274562336608895
2 1297 29.410882339705484
2 1535 29.614185789921695
2 1624 29.68164415931166
2 1303 30.610455730027933
3 1501 5.0
3 1502 5.0
3 1581 6.708203932499369
3 1582 6.708203932499369
3 1500 9.848857801796104
3 1503 9.848857801796104
3 1580 10.816653826391969
3 1583 10.816653826391969
3 1421 14.317821063276353
3 1422 14.317821063276353
3 1499 15.524174696260024
3 1504 15.524174696260024
3 1579 16.15549442140351
3 1584 16.15549442140351
3 1661 16.278820596099706
3 1662 16.278820596099706
3 1420 16.64331697709324
3 1423 16.64331697709324
3 1660 18.35755975068582
3 1663 18.35755975068582
3 1419 20.518284528683193
3 1424 20.518284528683193
3 1498 21.37755832643195
3 1505 21.37755832643195
3 1578 21.840329667841555
3 1585 21.840329667841555
3 1659 21.93171219946131
3 1664 21.93171219946131
3 1341 24.186773244895647
3 1342 24.186773244895647
3 1418 25.238858928247925
3 1425 25.238858928247925
3 1340 25.632011235952593
3 1343 25.632011235952593
3 1741 26.1725046566048
3 1742 26.1725046566048
3 1658 26.40075756488817
3 1665 26.40075756488817
3 1497 27.294688127912362
3 1506 27.294688127912362
3 1740 27.51363298439521
3 1743 27.51363298439521
3 1577 27.65863337187866
3 1586 27.65863337187866
3 1339 28.30194339616981
3 1344 28.30194339616981
3 1739 30.01666203960727
3 1744 30.01666203960727
3 1417 30.4138126514911
3 1426 30.4138126514911
4 2500 1.0
4 2499 5.0
4 2501 7.0
4 2420 10.04987562112089
4 2580 10.04987562112089
4 2498 11.0
4 2419 11.180339887498949
4 2579 11.180339887498949
4 2421 12.206555615733702
4 2581 12.206555615733702
4 2502 13.0
4 2418 14.866068747318506
4 2578 14.866068747318506
4 2422 16.401219466856727
4 2582 16.401219466856727
4 2497 17.0
4 2503 19.0
4 2417 19.72308292331602
4 2577 19.72308292331602
4 2340 20.024984394500787
4 2660 20.024984394500787
4 2339 20.615528128088304
4 2659 20.615528128088304
4 2341 21.18962010041709
4 2661 21.18962010041709
4 2423 21.470910553583888
4 2583 21.470910553583888
4 2338 22.825424421026653
4 2658 22.825424421026653
4 2496 23.0
4 2342 23.853720883753127
4 2662 23.853720883753127
4 2504 25.0
4 2416 25.079872407968907
4 2576 25.079872407968907
4 2337 26.248809496813376
4 2657 26.248809496813376
4 2424 26.92582403567252
4 2584 26.92582403567252
4 2343 27.586228448267445
4 2663 27.586228448267445
4 2495 29.0
4 2260 30.01666203960727
4 2740 30.01666203960727
4 2259 30.4138126514911
4 2739 30.4138126514911
4 2336 30.479501308256342
4 2656 30.479501308256342
4 2415 30.675723300355934
4 2575 30.675723300355934
5 2541 3.0
5 2542 3.0
5 2540 9.0
5 2543 9.0
5 2461 10.44030650891055
5 2462 10.44030650891055
5 2621 10.44030650891055
5 2622 10.44030650891055
5 2460 13.45362404707371
5 2463 13.45362404707371
5 2620 13.45362404707371
5 2623 13.45362404707371
5 2539 15.0
5 2544 15.0
5 2459 18.027756377319946
5 2464 18.027756377319946
5 2619 18.027756377319946
5 2624 18.027756377319946
5 2381 20.223748416156685
5 2382 20.223748416156685
5 2701 20.223748416156685
5 2702 20.223748416156685
5 2538 21.0
5 2545 21.0
5 2380 21.93171219946131
5 2383 21.93171219946131
5 2700 21.93171219946131
5 2703 21.93171219946131
5 2458 23.259406699226016
5 2465 23.259406699226016
5 2618 23.259406699226016
5 2625 23.259406699226016
5 2379 25.0
5 2384 25.0
5 2699 25.0
5 2704 25.0
5 2537 27.0
5 2546 27.0
5 2457 28.792360097775937
5 2466 28.792360097775937
5 2617 28.792360097775937
5 2626 28.792360097775937
5 2378 29.0
5 2385 29.0
5 2698 29.0
5 2705 29.0
5 2301 30.14962686336267
5 2302 30.14962686336267
5 2781 30.14962686336267
5 2782 30.14962686336267
6 3540 4.123105625617661
6 3460 6.082762530298219
6 3539 6.4031242374328485
6 3459 7.810249675906654
6 3541 8.06225774829855
6 3461 9.219544457292887
6 3538 11.704699910719626
6 3458 12.529964086141668
6 3542 13.601470508735444
6 3620 14.035668847618199
6 3462 14.317821063276353
6 3619 14.866068747318506
6 3621 15.652475842498529
6 3380 16.0312195418814
6 3379 16.76305461424021
6 3381 17.46424919657298
6 3537 17.46424919657298
6 3618 17.804493814764857
6 3457 18.027756377319946
6 3622 19.1049731745428
6 3378 19.4164878389476
6 3543 19.4164878389476
6 3463 19.924858845171276
6 3382 20.615528128088304
6 3617 22.02271554554524
6 3377 23.345235059857504
6 3536 23.345235059857504
6 3623 23.600847442411894
6 3456 23.769728648009426
6 3700 24.020824298928627
6 3699 24.515301344262525
6 3383 24.839484696748443
6 3701 25.0
6 3544 25.317977802344327
6 3464 25.709920264364882
6 3300 26.019223662515376
6 3698 26.40075756488817
6 3299 26.476404589747453
6 3301 26.92582403567252
6 3616 26.92582403567252
6 3702 27.294688127912362
6 3376 28.0178514522438
6 3298 28.231188426986208
6 3624 28.653097563788805
6 3302 29.068883707497267
6 3535 29.274562336608895
6 3697 29.410882339705484
6 3455 29.614185789921695
6 3384 29.68164415931166
6 3703 30.610455730027933
7 3581 5.0
7 3582 5.0
7 3501 6.708203932499369
7 3502 6.708203932499369
7 3580 9.848857801796104
7 3583 9.848857801796104
7 3500 10.816653826391969
7 3503 10.816653826391969
7 3661 14.317821063276353
7 3662 14.317821063276353
7 3579 15.524174696260024
7 3584 15.524174696260024
7 3499 16.15549442140351
7 3504 16.15549442140351
7 3421 16.278820596099706
7 3422 16.278820596099706
7 3660 16.64331697709324
7 3663 16.64331697709324
7 3420 18.35755975068582
7 3423 18.35755975068582
7 3659 20.518284528683193
7 3664 20.518284528683193
7 3578 21.37755832643195
7 3585 21.37755832643195
7 3498 21.840329667841555
7 3505 21.840329667841555
7 3419 21.93171219946131
7 3424 21.93171219946131
7 3741 24.186773244895647
7 3742 24.186773244895647
7 3658 25.238858928247925
7 3665 25.238858928247925
7 3740 25.632011235952593
7 3743 25.632011235952593
7 3341 26.1725046566048
7 3342 26.1725046566048
7 3418 26.40075756488817
7 3425 26.40075756488817
7 3577 27.294688127912362
7 3586 27.294688127912362
7 3340 27.51363298439521
7 3343 27.51363298439521
7 3497 27.65863337187866
7 3506 27.65863337187866
7 3739 28.30194339616981
7 3744 28.30194339616981
7 3339 30.01666203960727
7 3344 30.01666203960727
7 3657 30.4138126514911
7 3666 30.4138126514911
