0 1961 5.385164807134504
0 2041 5.385164807134504
0 1960 6.4031242374328485
0 2040 6.4031242374328485
0 1962 9.433981132056603
0 2042 9.433981132056603
0 1959 11.180339887498949
0 2039 11.180339887498949
0 1963 14.866068747318506
0 2043 14.866068747318506
0 1881 15.132745950421556
0 2121 15.132745950421556
0 1880 15.524174696260024
0 2120 15.524174696260024
0 1958 16.76305461424021
0 2038 16.76305461424021
0 1882 17.0
0 2122 17.0
0 1879 18.027756377319946
0 2119 18.027756377319946
0 1883 20.518284528683193
0 2123 20.518284528683193
0 1964 20.615528128088304
0 2044 20.615528128088304
0 1878 21.93171219946131
0 2118 21.93171219946131
0 1957 22.561028345356956
0 2037 22.561028345356956
0 1884 25.0
0 2124 25.0
0 1801 25.079872407968907
0 2201 25.079872407968907
0 1800 25.317977802344327
0 2200 25.317977802344327
0 1802 26.248809496813376
0 2202 26.248809496813376
0 1965 26.476404589747453
0 2045 26.476404589747453
0 1877 26.627053911388696
0 2117 26.627053911388696
0 1799 26.92582403567252
0 2199 26.92582403567252
0 1956 28.442925306655784
0 2036 28.442925306655784
0 1803 28.653097563788805
0 2203 28.653097563788805
0 1798 29.68164415931166
0 2198 29.68164415931166
0 1885 30.01666203960727
0 2125 30.01666203960727
