0 6 5
1 12 5
2 18 5
3 24 5
4 30 5
5 36 5
6 42 5
7 48 5
8 54 5
9 60 5
10 66 5
11 72 5
12 78 5
13 84 5
14 90 5
15 96 5
16 102 5
17 108 5
18 114 5
19 120 5
20 126 5
21 132 5
22 138 5
23 144 5
24 150 5
25 156 5
26 162 5
27 168 5
28 174 5
29 180 5
30 186 5
31 192 5
32 198 5
33 204 5
34 210 5
35 216 5
36 222 5
37 228 5
38 234 5
39 240 5
40 246 5
41 252 5
42 258 5
43 264 5
44 270 5
45 276 5
46 282 5
47 288 5
48 294 5
49 300 5
50 306 5
51 312 5
52 318 5
53 324 5
54 330 5
55 336 5
56 342 5
57 348 5
58 354 5
59 360 5
60 366 5
61 372 5
62 378 5
63 384 5
64 390 5
65 396 5
66 402 5
67 408 5
68 414 5
69 420 5
70 426 5
71 432 5
72 438 5
73 444 5
74 450 5
75 456 5
76 462 5
77 468 5
78 474 5
79 480 5
80 6 15
81 12 15
82 18 15
83 24 15
84 30 15
85 36 15
86 42 15
87 48 15
88 54 15
89 60 15
90 66 15
91 72 15
92 78 15
93 84 15
94 90 15
95 96 15
96 102 15
97 108 15
98 114 15
99 120 15
100 126 15
101 132 15
102 138 15
103 144 15
104 150 15
105 156 15
106 162 15
107 168 15
108 174 15
109 180 15
110 186 15
111 192 15
112 198 15
113 204 15
114 210 15
115 216 15
116 222 15
117 228 15
118 234 15
119 240 15
120 246 15
121 252 15
122 258 15
123 264 15
124 270 15
125 276 15
126 282 15
127 288 15
128 294 15
129 300 15
130 306 15
131 312 15
132 318 15
133 324 15
134 330 15
135 336 15
136 342 15
137 348 15
138 354 15
139 360 15
140 366 15
141 372 15
142 378 15
143 384 15
144 390 15
145 396 15
146 402 15
147 408 15
148 414 15
149 420 15
150 426 15
151 432 15
152 438 15
153 444 15
154 450 15
155 456 15
156 462 15
157 468 15
158 474 15
159 480 15
160 6 25
161 12 25
162 18 25
163 24 25
164 30 25
165 36 25
166 42 25
167 48 25
168 54 25
169 60 25
170 66 25
171 72 25
172 78 25
173 84 25
174 90 25
175 96 25
176 102 25
177 108 25
178 114 25
179 120 25
180 126 25
181 132 25
182 138 25
183 144 25
184 150 25
185 156 25
186 162 25
187 168 25
188 174 25
189 180 25
190 186 25
191 192 25
192 198 25
193 204 25
194 210 25
195 216 25
196 222 25
197 228 25
198 234 25
199 240 25
200 246 25
201 252 25
202 258 25
203 264 25
204 270 25
205 276 25
206 282 25
207 288 25
208 294 25
209 300 25
210 306 25
211 312 25
212 318 25
213 324 25
214 330 25
215 336 25
216 342 25
217 348 25
218 354 25
219 360 25
220 366 25
221 372 25
222 378 25
223 384 25
224 390 25
225 396 25
226 402 25
227 408 25
228 414 25
229 420 25
230 426 25
231 432 25
232 438 25
233 444 25
234 450 25
235 456 25
236 462 25
237 468 25
238 474 25
239 480 25
240 6 35
241 12 35
242 18 35
243 24 35
244 30 35
245 36 35
246 42 35
247 48 35
248 54 35
249 60 35
250 66 35
251 72 35
252 78 35
253 84 35
254 90 35
255 96 35
256 102 35
257 108 35
258 114 35
259 120 35
260 126 35
261 132 35
262 138 35
263 144 35
264 150 35
265 156 35
266 162 35
267 168 35
268 174 35
269 180 35
270 186 35
271 192 35
272 198 35
273 204 35
274 210 35
275 216 35
276 222 35
277 228 35
278 234 35
279 240 35
280 246 35
281 252 35
282 258 35
283 264 35
284 270 35
285 276 35
286 282 35
287 288 35
288 294 35
289 300 35
290 306 35
291 312 35
292 318 35
293 324 35
294 330 35
295 336 35
296 342 35
297 348 35
298 354 35
299 360 35
300 366 35
301 372 35
302 378 35
303 384 35
304 390 35
305 396 35
306 402 35
307 408 35
308 414 35
309 420 35
310 426 35
311 432 35
312 438 35
313 444 35
314 450 35
315 456 35
316 462 35
317 468 35
318 474 35
319 480 35
320 6 45
321 12 45
322 18 45
323 24 45
324 30 45
325 36 45
326 42 45
327 48 45
328 54 45
329 60 45
330 66 45
331 72 45
332 78 45
333 84 45
334 90 45
335 96 45
336 102 45
337 108 45
338 114 45
339 120 45
340 126 45
341 132 45
342 138 45
343 144 45
344 150 45
345 156 45
346 162 45
347 168 45
348 174 45
349 180 45
350 186 45
351 192 45
352 198 45
353 204 45
354 210 45
355 216 45
356 222 45
357 228 45
358 234 45
359 240 45
360 246 45
361 252 45
362 258 45
363 264 45
364 270 45
365 276 45
366 282 45
367 288 45
368 294 45
369 300 45
370 306 45
371 312 45
372 318 45
373 324 45
374 330 45
375 336 45
376 342 45
377 348 45
378 354 45
379 360 45
380 366 45
381 372 45
382 378 45
383 384 45
384 390 45
385 396 45
386 402 45
387 408 45
388 414 45
389 420 45
390 426 45
391 432 45
392 438 45
393 444 45
394 450 45
395 456 45
396 462 45
397 468 45
398 474 45
399 480 45
400 6 55
401 12 55
402 18 55
403 24 55
404 30 55
405 36 55
406 42 55
407 48 55
408 54 55
409 60 55
410 66 55
411 72 55
412 78 55
413 84 55
414 90 55
415 96 55
416 102 55
417 108 55
418 114 55
419 120 55
420 126 55
421 132 55
422 138 55
423 144 55
424 150 55
425 156 55
426 162 55
427 168 55
428 174 55
429 180 55
430 186 55
431 192 55
432 198 55
433 204 55
434 210 55
435 216 55
436 222 55
437 228 55
438 234 55
439 240 55
440 246 55
441 252 55
442 258 55
443 264 55
444 270 55
445 276 55
446 282 55
447 288 55
448 294 55
449 300 55
450 306 55
451 312 55
452 318 55
453 324 55
454 330 55
455 336 55
456 342 55
457 348 55
458 354 55
459 360 55
460 366 55
461 372 55
462 378 55
463 384 55
464 390 55
465 396 55
466 402 55
467 408 55
468 414 55
469 420 55
470 426 55
471 432 55
472 438 55
473 444 55
474 450 55
475 456 55
476 462 55
477 468 55
478 474 55
479 480 55
480 6 65
481 12 65
482 18 65
483 24 65
484 30 65
485 36 65
486 42 65
487 48 65
488 54 65
489 60 65
490 66 65
491 72 65
492 78 65
493 84 65
494 90 65
495 96 65
496 102 65
497 108 65
498 114 65
499 120 65
500 126 65
501 132 65
502 138 65
503 144 65
504 150 65
505 156 65
506 162 65
507 168 65
508 174 65
509 180 65
510 186 65
511 192 65
512 198 65
513 204 65
514 210 65
515 216 65
516 222 65
517 228 65
518 234 65
519 240 65
520 246 65
521 252 65
522 258 65
523 264 65
524 270 65
525 276 65
526 282 65
527 288 65
528 294 65
529 300 65
530 306 65
531 312 65
532 318 65
533 324 65
534 330 65
535 336 65
536 342 65
537 348 65
538 354 65
539 360 65
540 366 65
541 372 65
542 378 65
543 384 65
544 390 65
545 396 65
546 402 65
547 408 65
548 414 65
549 420 65
550 426 65
551 432 65
552 438 65
553 444 65
554 450 65
555 456 65
556 462 65
557 468 65
558 474 65
559 480 65
560 6 75
561 12 75
562 18 75
563 24 75
564 30 75
565 36 75
566 42 75
567 48 75
568 54 75
569 60 75
570 66 75
571 72 75
572 78 75
573 84 75
574 90 75
575 96 75
576 102 75
577 108 75
578 114 75
579 120 75
580 126 75
581 132 75
582 138 75
583 144 75
584 150 75
585 156 75
586 162 75
587 168 75
588 174 75
589 180 75
590 186 75
591 192 75
592 198 75
593 204 75
594 210 75
595 216 75
596 222 75
597 228 75
598 234 75
599 240 75
600 246 75
601 252 75
602 258 75
603 264 75
604 270 75
605 276 75
606 282 75
607 288 75
608 294 75
609 300 75
610 306 75
611 312 75
612 318 75
613 324 75
614 330 75
615 336 75
616 342 75
617 348 75
618 354 75
619 360 75
620 366 75
621 372 75
622 378 75
623 384 75
624 390 75
625 396 75
626 402 75
627 408 75
628 414 75
629 420 75
630 426 75
631 432 75
632 438 75
633 444 75
634 450 75
635 456 75
636 462 75
637 468 75
638 474 75
639 480 75
640 6 85
641 12 85
642 18 85
643 24 85
644 30 85
645 36 85
646 42 85
647 48 85
648 54 85
649 60 85
650 66 85
651 72 85
652 78 85
653 84 85
654 90 85
655 96 85
656 102 85
657 108 85
658 114 85
659 120 85
660 126 85
661 132 85
662 138 85
663 144 85
664 150 85
665 156 85
666 162 85
667 168 85
668 174 85
669 180 85
670 186 85
671 192 85
672 198 85
673 204 85
674 210 85
675 216 85
676 222 85
677 228 85
678 234 85
679 240 85
680 246 85
681 252 85
682 258 85
683 264 85
684 270 85
685 276 85
686 282 85
687 288 85
688 294 85
689 300 85
690 306 85
691 312 85
692 318 85
693 324 85
694 330 85
695 336 85
696 342 85
697 348 85
698 354 85
699 360 85
700 366 85
701 372 85
702 378 85
703 384 85
704 390 85
705 396 85
706 402 85
707 408 85
708 414 85
709 420 85
710 426 85
711 432 85
712 438 85
713 444 85
714 450 85
715 456 85
716 462 85
717 468 85
718 474 85
719 480 85
720 6 95
721 12 95
722 18 95
723 24 95
724 30 95
725 36 95
726 42 95
727 48 95
728 54 95
729 60 95
730 66 95
731 72 95
732 78 95
733 84 95
734 90 95
735 96 95
736 102 95
737 108 95
738 114 95
739 120 95
740 126 95
741 132 95
742 138 95
743 144 95
744 150 95
745 156 95
746 162 95
747 168 95
748 174 95
749 180 95
750 186 95
751 192 95
752 198 95
753 204 95
754 210 95
755 216 95
756 222 95
757 228 95
758 234 95
759 240 95
760 246 95
761 252 95
762 258 95
763 264 95
764 270 95
765 276 95
766 282 95
767 288 95
768 294 95
769 300 95
770 306 95
771 312 95
772 318 95
773 324 95
774 330 95
775 336 95
776 342 95
777 348 95
778 354 95
779 360 95
780 366 95
781 372 95
782 378 95
783 384 95
784 390 95
785 396 95
786 402 95
787 408 95
788 414 95
789 420 95
790 426 95
791 432 95
792 438 95
793 444 95
794 450 95
795 456 95
796 462 95
797 468 95
798 474 95
799 480 95
800 6 105
801 12 105
802 18 105
803 24 105
804 30 105
805 36 105
806 42 105
807 48 105
808 54 105
809 60 105
810 66 105
811 72 105
812 78 105
813 84 105
814 90 105
815 96 105
816 102 105
817 108 105
818 114 105
819 120 105
820 126 105
821 132 105
822 138 105
823 144 105
824 150 105
825 156 105
826 162 105
827 168 105
828 174 105
829 180 105
830 186 105
831 192 105
832 198 105
833 204 105
834 210 105
835 216 105
836 222 105
837 228 105
838 234 105
839 240 105
840 246 105
841 252 105
842 258 105
843 264 105
844 270 105
845 276 105
846 282 105
847 288 105
848 294 105
849 300 105
850 306 105
851 312 105
852 318 105
853 324 105
854 330 105
855 336 105
856 342 105
857 348 105
858 354 105
859 360 105
860 366 105
861 372 105
862 378 105
863 384 105
864 390 105
865 396 105
866 402 105
867 408 105
868 414 105
869 420 105
870 426 105
871 432 105
872 438 105
873 444 105
874 450 105
875 456 105
876 462 105
877 468 105
878 474 105
879 480 105
880 6 115
881 12 115
882 18 115
883 24 115
884 30 115
885 36 115
886 42 115
887 48 115
888 54 115
889 60 115
890 66 115
891 72 115
892 78 115
893 84 115
894 90 115
895 96 115
896 102 115
897 108 115
898 114 115
899 120 115
900 126 115
901 132 115
902 138 115
903 144 115
904 150 115
905 156 115
906 162 115
907 168 115
908 174 115
909 180 115
910 186 115
911 192 115
912 198 115
913 204 115
914 210 115
915 216 115
916 222 115
917 228 115
918 234 115
919 240 115
920 246 115
921 252 115
922 258 115
923 264 115
924 270 115
925 276 115
926 282 115
927 288 115
928 294 115
929 300 115
930 306 115
931 312 115
932 318 115
933 324 115
934 330 115
935 336 115
936 342 115
937 348 115
938 354 115
939 360 115
940 366 115
941 372 115
942 378 115
943 384 115
944 390 115
945 396 115
946 402 115
947 408 115
948 414 115
949 420 115
950 426 115
951 432 115
952 438 115
953 444 115
954 450 115
955 456 115
956 462 115
957 468 115
958 474 115
959 480 115
960 6 125
961 12 125
962 18 125
963 24 125
964 30 125
965 36 125
966 42 125
967 48 125
968 54 125
969 60 125
970 66 125
971 72 125
972 78 125
973 84 125
974 90 125
975 96 125
976 102 125
977 108 125
978 114 125
979 120 125
980 126 125
981 132 125
982 138 125
983 144 125
984 150 125
985 156 125
986 162 125
987 168 125
988 174 125
989 180 125
990 186 125
991 192 125
992 198 125
993 204 125
994 210 125
995 216 125
996 222 125
997 228 125
998 234 125
999 240 125
1000 246 125
1001 252 125
1002 258 125
1003 264 125
1004 270 125
1005 276 125
1006 282 125
1007 288 125
1008 294 125
1009 300 125
1010 306 125
1011 312 125
1012 318 125
1013 324 125
1014 330 125
1015 336 125
1016 342 125
1017 348 125
1018 354 125
1019 360 125
1020 366 125
1021 372 125
1022 378 125
1023 384 125
1024 390 125
1025 396 125
1026 402 125
1027 408 125
1028 414 125
1029 420 125
1030 426 125
1031 432 125
1032 438 125
1033 444 125
1034 450 125
1035 456 125
1036 462 125
1037 468 125
1038 474 125
1039 480 125
1040 6 135
1041 12 135
1042 18 135
1043 24 135
1044 30 135
1045 36 135
1046 42 135
1047 48 135
1048 54 135
1049 60 135
1050 66 135
1051 72 135
1052 78 135
1053 84 135
1054 90 135
1055 96 135
1056 102 135
1057 108 135
1058 114 135
1059 120 135
1060 126 135
1061 132 135
1062 138 135
1063 144 135
1064 150 135
1065 156 135
1066 162 135
1067 168 135
1068 174 135
1069 180 135
1070 186 135
1071 192 135
1072 198 135
1073 204 135
1074 210 135
1075 216 135
1076 222 135
1077 228 135
1078 234 135
1079 240 135
1080 246 135
1081 252 135
1082 258 135
1083 264 135
1084 270 135
1085 276 135
1086 282 135
1087 288 135
1088 294 135
1089 300 135
1090 306 135
1091 312 135
1092 318 135
1093 324 135
1094 330 135
1095 336 135
1096 342 135
1097 348 135
1098 354 135
1099 360 135
1100 366 135
1101 372 135
1102 378 135
1103 384 135
1104 390 135
1105 396 135
1106 402 135
1107 408 135
1108 414 135
1109 420 135
1110 426 135
1111 432 135
1112 438 135
1113 444 135
1114 450 135
1115 456 135
1116 462 135
1117 468 135
1118 474 135
1119 480 135
1120 6 145
1121 12 145
1122 18 145
1123 24 145
1124 30 145
1125 36 145
1126 42 145
1127 48 145
1128 54 145
1129 60 145
1130 66 145
1131 72 145
1132 78 145
1133 84 145
1134 90 145
1135 96 145
1136 102 145
1137 108 145
1138 114 145
1139 120 145
1140 126 145
1141 132 145
1142 138 145
1143 144 145
1144 150 145
1145 156 145
1146 162 145
1147 168 145
1148 174 145
1149 180 145
1150 186 145
1151 192 145
1152 198 145
1153 204 145
1154 210 145
1155 216 145
1156 222 145
1157 228 145
1158 234 145
1159 240 145
1160 246 145
1161 252 145
1162 258 145
1163 264 145
1164 270 145
1165 276 145
1166 282 145
1167 288 145
1168 294 145
1169 300 145
1170 306 145
1171 312 145
1172 318 145
1173 324 145
1174 330 145
1175 336 145
1176 342 145
1177 348 145
1178 354 145
1179 360 145
1180 366 145
1181 372 145
1182 378 145
1183 384 145
1184 390 145
1185 396 145
1186 402 145
1187 408 145
1188 414 145
1189 420 145
1190 426 145
1191 432 145
1192 438 145
1193 444 145
1194 450 145
1195 456 145
1196 462 145
1197 468 145
1198 474 145
1199 480 145
1200 6 155
1201 12 155
1202 18 155
1203 24 155
1204 30 155
1205 36 155
1206 42 155
1207 48 155
1208 54 155
1209 60 155
1210 66 155
1211 72 155
1212 78 155
1213 84 155
1214 90 155
1215 96 155
1216 102 155
1217 108 155
1218 114 155
1219 120 155
1220 126 155
1221 132 155
1222 138 155
1223 144 155
1224 150 155
1225 156 155
1226 162 155
1227 168 155
1228 174 155
1229 180 155
1230 186 155
1231 192 155
1232 198 155
1233 204 155
1234 210 155
1235 216 155
1236 222 155
1237 228 155
1238 234 155
1239 240 155
1240 246 155
1241 252 155
1242 258 155
1243 264 155
1244 270 155
1245 276 155
1246 282 155
1247 288 155
1248 294 155
1249 300 155
1250 306 155
1251 312 155
1252 318 155
1253 324 155
1254 330 155
1255 336 155
1256 342 155
1257 348 155
1258 354 155
1259 360 155
1260 366 155
1261 372 155
1262 378 155
1263 384 155
1264 390 155
1265 396 155
1266 402 155
1267 408 155
1268 414 155
1269 420 155
1270 426 155
1271 432 155
1272 438 155
1273 444 155
1274 450 155
1275 456 155
1276 462 155
1277 468 155
1278 474 155
1279 480 155
1280 6 165
1281 12 165
1282 18 165
1283 24 165
1284 30 165
1285 36 165
1286 42 165
1287 48 165
1288 54 165
1289 60 165
1290 66 165
1291 72 165
1292 78 165
1293 84 165
1294 90 165
1295 96 165
1296 102 165
1297 108 165
1298 114 165
1299 120 165
1300 126 165
1301 132 165
1302 138 165
1303 144 165
1304 150 165
1305 156 165
1306 162 165
1307 168 165
1308 174 165
1309 180 165
1310 186 165
1311 192 165
1312 198 165
1313 204 165
1314 210 165
1315 216 165
1316 222 165
1317 228 165
1318 234 165
1319 240 165
1320 246 165
1321 252 165
1322 258 165
1323 264 165
1324 270 165
1325 276 165
1326 282 165
1327 288 165
1328 294 165
1329 300 165
1330 306 165
1331 312 165
1332 318 165
1333 324 165
1334 330 165
1335 336 165
1336 342 165
1337 348 165
1338 354 165
1339 360 165
1340 366 165
1341 372 165
1342 378 165
1343 384 165
1344 390 165
1345 396 165
1346 402 165
1347 408 165
1348 414 165
1349 420 165
1350 426 165
1351 432 165
1352 438 165
1353 444 165
1354 450 165
1355 456 165
1356 462 165
1357 468 165
1358 474 165
1359 480 165
1360 6 175
1361 12 175
1362 18 175
1363 24 175
1364 30 175
1365 36 175
1366 42 175
1367 48 175
1368 54 175
1369 60 175
1370 66 175
1371 72 175
1372 78 175
1373 84 175
1374 90 175
1375 96 175
1376 102 175
1377 108 175
1378 114 175
1379 120 175
1380 126 175
1381 132 175
1382 138 175
1383 144 175
1384 150 175
1385 156 175
1386 162 175
1387 168 175
1388 174 175
1389 180 175
1390 186 175
1391 192 175
1392 198 175
1393 204 175
1394 210 175
1395 216 175
1396 222 175
1397 228 175
1398 234 175
1399 240 175
1400 246 175
1401 252 175
1402 258 175
1403 264 175
1404 270 175
1405 276 175
1406 282 175
1407 288 175
1408 294 175
1409 300 175
1410 306 175
1411 312 175
1412 318 175
1413 324 175
1414 330 175
1415 336 175
1416 342 175
1417 348 175
1418 354 175
1419 360 175
1420 366 175
1421 372 175
1422 378 175
1423 384 175
1424 390 175
1425 396 175
1426 402 175
1427 408 175
1428 414 175
1429 420 175
1430 426 175
1431 432 175
1432 438 175
1433 444 175
1434 450 175
1435 456 175
1436 462 175
1437 468 175
1438 474 175
1439 480 175
1440 6 185
1441 12 185
1442 18 185
1443 24 185
1444 30 185
1445 36 185
1446 42 185
1447 48 185
1448 54 185
1449 60 185
1450 66 185
1451 72 185
1452 78 185
1453 84 185
1454 90 185
1455 96 185
1456 102 185
1457 108 185
1458 114 185
1459 120 185
1460 126 185
1461 132 185
1462 138 185
1463 144 185
1464 150 185
1465 156 185
1466 162 185
1467 168 185
1468 174 185
1469 180 185
1470 186 185
1471 192 185
1472 198 185
1473 204 185
1474 210 185
1475 216 185
1476 222 185
1477 228 185
1478 234 185
1479 240 185
1480 246 185
1481 252 185
1482 258 185
1483 264 185
1484 270 185
1485 276 185
1486 282 185
1487 288 185
1488 294 185
1489 300 185
1490 306 185
1491 312 185
1492 318 185
1493 324 185
1494 330 185
1495 336 185
1496 342 185
1497 348 185
1498 354 185
1499 360 185
1500 366 185
1501 372 185
1502 378 185
1503 384 185
1504 390 185
1505 396 185
1506 402 185
1507 408 185
1508 414 185
1509 420 185
1510 426 185
1511 432 185
1512 438 185
1513 444 185
1514 450 185
1515 456 185
1516 462 185
1517 468 185
1518 474 185
1519 480 185
1520 6 195
1521 12 195
1522 18 195
1523 24 195
1524 30 195
1525 36 195
1526 42 195
1527 48 195
1528 54 195
1529 60 195
1530 66 195
1531 72 195
1532 78 195
1533 84 195
1534 90 195
1535 96 195
1536 102 195
1537 108 195
1538 114 195
1539 120 195
1540 126 195
1541 132 195
1542 138 195
1543 144 195
1544 150 195
1545 156 195
1546 162 195
1547 168 195
1548 174 195
1549 180 195
1550 186 195
1551 192 195
1552 198 195
1553 204 195
1554 210 195
1555 216 195
1556 222 195
1557 228 195
1558 234 195
1559 240 195
1560 246 195
1561 252 195
1562 258 195
1563 264 195
1564 270 195
1565 276 195
1566 282 195
1567 288 195
1568 294 195
1569 300 195
1570 306 195
1571 312 195
1572 318 195
1573 324 195
1574 330 195
1575 336 195
1576 342 195
1577 348 195
1578 354 195
1579 360 195
1580 366 195
1581 372 195
1582 378 195
1583 384 195
1584 390 195
1585 396 195
1586 402 195
1587 408 195
1588 414 195
1589 420 195
1590 426 195
1591 432 195
1592 438 195
1593 444 195
1594 450 195
1595 456 195
1596 462 195
1597 468 195
1598 474 195
1599 480 195
1600 6 205
1601 12 205
1602 18 205
1603 24 205
1604 30 205
1605 36 205
1606 42 205
1607 48 205
1608 54 205
1609 60 205
1610 66 205
1611 72 205
1612 78 205
1613 84 205
1614 90 205
1615 96 205
1616 102 205
1617 108 205
1618 114 205
1619 120 205
1620 126 205
1621 132 205
1622 138 205
1623 144 205
1624 150 205
1625 156 205
1626 162 205
1627 168 205
1628 174 205
1629 180 205
1630 186 205
1631 192 205
1632 198 205
1633 204 205
1634 210 205
1635 216 205
1636 222 205
1637 228 205
1638 234 205
1639 240 205
1640 246 205
1641 252 205
1642 258 205
1643 264 205
1644 270 205
1645 276 205
1646 282 205
1647 288 205
1648 294 205
1649 300 205
1650 306 205
1651 312 205
1652 318 205
1653 324 205
1654 330 205
1655 336 205
1656 342 205
1657 348 205
1658 354 205
1659 360 205
1660 366 205
1661 372 205
1662 378 205
1663 384 205
1664 390 205
1665 396 205
1666 402 205
1667 408 205
1668 414 205
1669 420 205
1670 426 205
1671 432 205
1672 438 205
1673 444 205
1674 450 205
1675 456 205
1676 462 205
1677 468 205
1678 474 205
1679 480 205
1680 6 215
1681 12 215
1682 18 215
1683 24 215
1684 30 215
1685 36 215
1686 42 215
1687 48 215
1688 54 215
1689 60 215
1690 66 215
1691 72 215
1692 78 215
1693 84 215
1694 90 215
1695 96 215
1696 102 215
1697 108 215
1698 114 215
1699 120 215
1700 126 215
1701 132 215
1702 138 215
1703 144 215
1704 150 215
1705 156 215
1706 162 215
1707 168 215
1708 174 215
1709 180 215
1710 186 215
1711 192 215
1712 198 215
1713 204 215
1714 210 215
1715 216 215
1716 222 215
1717 228 215
1718 234 215
1719 240 215
1720 246 215
1721 252 215
1722 258 215
1723 264 215
1724 270 215
1725 276 215
1726 282 215
1727 288 215
1728 294 215
1729 300 215
1730 306 215
1731 312 215
1732 318 215
1733 324 215
1734 330 215
1735 336 215
1736 342 215
1737 348 215
1738 354 215
1739 360 215
1740 366 215
1741 372 215
1742 378 215
1743 384 215
1744 390 215
1745 396 215
1746 402 215
1747 408 215
1748 414 215
1749 420 215
1750 426 215
1751 432 215
1752 438 215
1753 444 215
1754 450 215
1755 456 215
1756 462 215
1757 468 215
1758 474 215
1759 480 215
1760 6 225
1761 12 225
1762 18 225
1763 24 225
1764 30 225
1765 36 225
1766 42 225
1767 48 225
1768 54 225
1769 60 225
1770 66 225
1771 72 225
1772 78 225
1773 84 225
1774 90 225
1775 96 225
1776 102 225
1777 108 225
1778 114 225
1779 120 225
1780 126 225
1781 132 225
1782 138 225
1783 144 225
1784 150 225
1785 156 225
1786 162 225
1787 168 225
1788 174 225
1789 180 225
1790 186 225
1791 192 225
1792 198 225
1793 204 225
1794 210 225
1795 216 225
1796 222 225
1797 228 225
1798 234 225
1799 240 225
1800 246 225
1801 252 225
1802 258 225
1803 264 225
1804 270 225
1805 276 225
1806 282 225
1807 288 225
1808 294 225
1809 300 225
1810 306 225
1811 312 225
1812 318 225
1813 324 225
1814 330 225
1815 336 225
1816 342 225
1817 348 225
1818 354 225
1819 360 225
1820 366 225
1821 372 225
1822 378 225
1823 384 225
1824 390 225
1825 396 225
1826 402 225
1827 408 225
1828 414 225
1829 420 225
1830 426 225
1831 432 225
1832 438 225
1833 444 225
1834 450 225
1835 456 225
1836 462 225
1837 468 225
1838 474 225
1839 480 225
1840 6 235
1841 12 235
1842 18 235
1843 24 235
1844 30 235
1845 36 235
1846 42 235
1847 48 235
1848 54 235
1849 60 235
1850 66 235
1851 72 235
1852 78 235
1853 84 235
1854 90 235
1855 96 235
1856 102 235
1857 108 235
1858 114 235
1859 120 235
1860 126 235
1861 132 235
1862 138 235
1863 144 235
1864 150 235
1865 156 235
1866 162 235
1867 168 235
1868 174 235
1869 180 235
1870 186 235
1871 192 235
1872 198 235
1873 204 235
1874 210 235
1875 216 235
1876 222 235
1877 228 235
1878 234 235
1879 240 235
1880 246 235
1881 252 235
1882 258 235
1883 264 235
1884 270 235
1885 276 235
1886 282 235
1887 288 235
1888 294 235
1889 300 235
1890 306 235
1891 312 235
1892 318 235
1893 324 235
1894 330 235
1895 336 235
1896 342 235
1897 348 235
1898 354 235
1899 360 235
1900 366 235
1901 372 235
1902 378 235
1903 384 235
1904 390 235
1905 396 235
1906 402 235
1907 408 235
1908 414 235
1909 420 235
1910 426 235
1911 432 235
1912 438 235
1913 444 235
1914 450 235
1915 456 235
1916 462 235
1917 468 235
1918 474 235
1919 480 235
1920 6 245
1921 12 245
1922 18 245
1923 24 245
1924 30 245
1925 36 245
1926 42 245
1927 48 245
1928 54 245
1929 60 245
1930 66 245
1931 72 245
1932 78 245
1933 84 245
1934 90 245
1935 96 245
1936 102 245
1937 108 245
1938 114 245
1939 120 245
1940 126 245
1941 132 245
1942 138 245
1943 144 245
1944 150 245
1945 156 245
1946 162 245
1947 168 245
1948 174 245
1949 180 245
1950 186 245
1951 192 245
1952 198 245
1953 204 245
1954 210 245
1955 216 245
1956 222 245
1957 228 245
1958 234 245
1959 240 245
1960 246 245
1961 252 245
1962 258 245
1963 264 245
1964 270 245
1965 276 245
1966 282 245
1967 288 245
1968 294 245
1969 300 245
1970 306 245
1971 312 245
1972 318 245
1973 324 245
1974 330 245
1975 336 245
1976 342 245
1977 348 245
1978 354 245
1979 360 245
1980 366 245
1981 372 245
1982 378 245
1983 384 245
1984 390 245
1985 396 245
1986 402 245
1987 408 245
1988 414 245
1989 420 245
1990 426 245
1991 432 245
1992 438 245
1993 444 245
1994 450 245
1995 456 245
1996 462 245
1997 468 245
1998 474 245
1999 480 245
2000 6 255
2001 12 255
2002 18 255
2003 24 255
2004 30 255
2005 36 255
2006 42 255
2007 48 255
2008 54 255
2009 60 255
2010 66 255
2011 72 255
2012 78 255
2013 84 255
2014 90 255
2015 96 255
2016 102 255
2017 108 255
2018 114 255
2019 120 255
2020 126 255
2021 132 255
2022 138 255
2023 144 255
2024 150 255
2025 156 255
2026 162 255
2027 168 255
2028 174 255
2029 180 255
2030 186 255
2031 192 255
2032 198 255
2033 204 255
2034 210 255
2035 216 255
2036 222 255
2037 228 255
2038 234 255
2039 240 255
2040 246 255
2041 252 255
2042 258 255
2043 264 255
2044 270 255
2045 276 255
2046 282 255
2047 288 255
2048 294 255
2049 300 255
2050 306 255
2051 312 255
2052 318 255
2053 324 255
2054 330 255
2055 336 255
2056 342 255
2057 348 255
2058 354 255
2059 360 255
2060 366 255
2061 372 255
2062 378 255
2063 384 255
2064 390 255
2065 396 255
2066 402 255
2067 408 255
2068 414 255
2069 420 255
2070 426 255
2071 432 255
2072 438 255
2073 444 255
2074 450 255
2075 456 255
2076 462 255
2077 468 255
2078 474 255
2079 480 255
2080 6 265
2081 12 265
2082 18 265
2083 24 265
2084 30 265
2085 36 265
2086 42 265
2087 48 265
2088 54 265
2089 60 265
2090 66 265
2091 72 265
2092 78 265
2093 84 265
2094 90 265
2095 96 265
2096 102 265
2097 108 265
2098 114 265
2099 120 265
2100 126 265
2101 132 265
2102 138 265
2103 144 265
2104 150 265
2105 156 265
2106 162 265
2107 168 265
2108 174 265
2109 180 265
2110 186 265
2111 192 265
2112 198 265
2113 204 265
2114 210 265
2115 216 265
2116 222 265
2117 228 265
2118 234 265
2119 240 265
2120 246 265
2121 252 265
2122 258 265
2123 264 265
2124 270 265
2125 276 265
2126 282 265
2127 288 265
2128 294 265
2129 300 265
2130 306 265
2131 312 265
2132 318 265
2133 324 265
2134 330 265
2135 336 265
2136 342 265
2137 348 265
2138 354 265
2139 360 265
2140 366 265
2141 372 265
2142 378 265
2143 384 265
2144 390 265
2145 396 265
2146 402 265
2147 408 265
2148 414 265
2149 420 265
2150 426 265
2151 432 265
2152 438 265
2153 444 265
2154 450 265
2155 456 265
2156 462 265
2157 468 265
2158 474 265
2159 480 265
2160 6 275
2161 12 275
2162 18 275
2163 24 275
2164 30 275
2165 36 275
2166 42 275
2167 48 275
2168 54 275
2169 60 275
2170 66 275
2171 72 275
2172 78 275
2173 84 275
2174 90 275
2175 96 275
2176 102 275
2177 108 275
2178 114 275
2179 120 275
2180 126 275
2181 132 275
2182 138 275
2183 144 275
2184 150 275
2185 156 275
2186 162 275
2187 168 275
2188 174 275
2189 180 275
2190 186 275
2191 192 275
2192 198 275
2193 204 275
2194 210 275
2195 216 275
2196 222 275
2197 228 275
2198 234 275
2199 240 275
2200 246 275
2201 252 275
2202 258 275
2203 264 275
2204 270 275
2205 276 275
2206 282 275
2207 288 275
2208 294 275
2209 300 275
2210 306 275
2211 312 275
2212 318 275
2213 324 275
2214 330 275
2215 336 275
2216 342 275
2217 348 275
2218 354 275
2219 360 275
2220 366 275
2221 372 275
2222 378 275
2223 384 275
2224 390 275
2225 396 275
2226 402 275
2227 408 275
2228 414 275
2229 420 275
2230 426 275
2231 432 275
2232 438 275
2233 444 275
2234 450 275
2235 456 275
2236 462 275
2237 468 275
2238 474 275
2239 480 275
2240 6 285
2241 12 285
2242 18 285
2243 24 285
2244 30 285
2245 36 285
2246 42 285
2247 48 285
2248 54 285
2249 60 285
2250 66 285
2251 72 285
2252 78 285
2253 84 285
2254 90 285
2255 96 285
2256 102 285
2257 108 285
2258 114 285
2259 120 285
2260 126 285
2261 132 285
2262 138 285
2263 144 285
2264 150 285
2265 156 285
2266 162 285
2267 168 285
2268 174 285
2269 180 285
2270 186 285
2271 192 285
2272 198 285
2273 204 285
2274 210 285
2275 216 285
2276 222 285
2277 228 285
2278 234 285
2279 240 285
2280 246 285
2281 252 285
2282 258 285
2283 264 285
2284 270 285
2285 276 285
2286 282 285
2287 288 285
2288 294 285
2289 300 285
2290 306 285
2291 312 285
2292 318 285
2293 324 285
2294 330 285
2295 336 285
2296 342 285
2297 348 285
2298 354 285
2299 360 285
2300 366 285
2301 372 285
2302 378 285
2303 384 285
2304 390 285
2305 396 285
2306 402 285
2307 408 285
2308 414 285
2309 420 285
2310 426 285
2311 432 285
2312 438 285
2313 444 285
2314 450 285
2315 456 285
2316 462 285
2317 468 285
2318 474 285
2319 480 285
2320 6 295
2321 12 295
2322 18 295
2323 24 295
2324 30 295
2325 36 295
2326 42 295
2327 48 295
2328 54 295
2329 60 295
2330 66 295
2331 72 295
2332 78 295
2333 84 295
2334 90 295
2335 96 295
2336 102 295
2337 108 295
2338 114 295
2339 120 295
2340 126 295
2341 132 295
2342 138 295
2343 144 295
2344 150 295
2345 156 295
2346 162 295
2347 168 295
2348 174 295
2349 180 295
2350 186 295
2351 192 295
2352 198 295
2353 204 295
2354 210 295
2355 216 295
2356 222 295
2357 228 295
2358 234 295
2359 240 295
2360 246 295
2361 252 295
2362 258 295
2363 264 295
2364 270 295
2365 276 295
2366 282 295
2367 288 295
2368 294 295
2369 300 295
2370 306 295
2371 312 295
2372 318 295
2373 324 295
2374 330 295
2375 336 295
2376 342 295
2377 348 295
2378 354 295
2379 360 295
2380 366 295
2381 372 295
2382 378 295
2383 384 295
2384 390 295
2385 396 295
2386 402 295
2387 408 295
2388 414 295
2389 420 295
2390 426 295
2391 432 295
2392 438 295
2393 444 295
2394 450 295
2395 456 295
2396 462 295
2397 468 295
2398 474 295
2399 480 295
2400 6 305
2401 12 305
2402 18 305
2403 24 305
2404 30 305
2405 36 305
2406 42 305
2407 48 305
2408 54 305
2409 60 305
2410 66 305
2411 72 305
2412 78 305
2413 84 305
2414 90 305
2415 96 305
2416 102 305
2417 108 305
2418 114 305
2419 120 305
2420 126 305
2421 132 305
2422 138 305
2423 144 305
2424 150 305
2425 156 305
2426 162 305
2427 168 305
2428 174 305
2429 180 305
2430 186 305
2431 192 305
2432 198 305
2433 204 305
2434 210 305
2435 216 305
2436 222 305
2437 228 305
2438 234 305
2439 240 305
2440 246 305
2441 252 305
2442 258 305
2443 264 305
2444 270 305
2445 276 305
2446 282 305
2447 288 305
2448 294 305
2449 300 305
2450 306 305
2451 312 305
2452 318 305
2453 324 305
2454 330 305
2455 336 305
2456 342 305
2457 348 305
2458 354 305
2459 360 305
2460 366 305
2461 372 305
2462 378 305
2463 384 305
2464 390 305
2465 396 305
2466 402 305
2467 408 305
2468 414 305
2469 420 305
2470 426 305
2471 432 305
2472 438 305
2473 444 305
2474 450 305
2475 456 305
2476 462 305
2477 468 305
2478 474 305
2479 480 305
2480 6 315
2481 12 315
2482 18 315
2483 24 315
2484 30 315
2485 36 315
2486 42 315
2487 48 315
2488 54 315
2489 60 315
2490 66 315
2491 72 315
2492 78 315
2493 84 315
2494 90 315
2495 96 315
2496 102 315
2497 108 315
2498 114 315
2499 120 315
2500 126 315
2501 132 315
2502 138 315
2503 144 315
2504 150 315
2505 156 315
2506 162 315
2507 168 315
2508 174 315
2509 180 315
2510 186 315
2511 192 315
2512 198 315
2513 204 315
2514 210 315
2515 216 315
2516 222 315
2517 228 315
2518 234 315
2519 240 315
2520 246 315
2521 252 315
2522 258 315
2523 264 315
2524 270 315
2525 276 315
2526 282 315
2527 288 315
2528 294 315
2529 300 315
2530 306 315
2531 312 315
2532 318 315
2533 324 315
2534 330 315
2535 336 315
2536 342 315
2537 348 315
2538 354 315
2539 360 315
2540 366 315
2541 372 315
2542 378 315
2543 384 315
2544 390 315
2545 396 315
2546 402 315
2547 408 315
2548 414 315
2549 420 315
2550 426 315
2551 432 315
2552 438 315
2553 444 315
2554 450 315
2555 456 315
2556 462 315
2557 468 315
2558 474 315
2559 480 315
2560 6 325
2561 12 325
2562 18 325
2563 24 325
2564 30 325
2565 36 325
2566 42 325
2567 48 325
2568 54 325
2569 60 325
2570 66 325
2571 72 325
2572 78 325
2573 84 325
2574 90 325
2575 96 325
2576 102 325
2577 108 325
2578 114 325
2579 120 325
2580 126 325
2581 132 325
2582 138 325
2583 144 325
2584 150 325
2585 156 325
2586 162 325
2587 168 325
2588 174 325
2589 180 325
2590 186 325
2591 192 325
2592 198 325
2593 204 325
2594 210 325
2595 216 325
2596 222 325
2597 228 325
2598 234 325
2599 240 325
2600 246 325
2601 252 325
2602 258 325
2603 264 325
2604 270 325
2605 276 325
2606 282 325
2607 288 325
2608 294 325
2609 300 325
2610 306 325
2611 312 325
2612 318 325
2613 324 325
2614 330 325
2615 336 325
2616 342 325
2617 348 325
2618 354 325
2619 360 325
2620 366 325
2621 372 325
2622 378 325
2623 384 325
2624 390 325
2625 396 325
2626 402 325
2627 408 325
2628 414 325
2629 420 325
2630 426 325
2631 432 325
2632 438 325
2633 444 325
2634 450 325
2635 456 325
2636 462 325
2637 468 325
2638 474 325
2639 480 325
2640 6 335
2641 12 335
2642 18 335
2643 24 335
2644 30 335
2645 36 335
2646 42 335
2647 48 335
2648 54 335
2649 60 335
2650 66 335
2651 72 335
2652 78 335
2653 84 335
2654 90 335
2655 96 335
2656 102 335
2657 108 335
2658 114 335
2659 120 335
2660 126 335
2661 132 335
2662 138 335
2663 144 335
2664 150 335
2665 156 335
2666 162 335
2667 168 335
2668 174 335
2669 180 335
2670 186 335
2671 192 335
2672 198 335
2673 204 335
2674 210 335
2675 216 335
2676 222 335
2677 228 335
2678 234 335
2679 240 335
2680 246 335
2681 252 335
2682 258 335
2683 264 335
2684 270 335
2685 276 335
2686 282 335
2687 288 335
2688 294 335
2689 300 335
2690 306 335
2691 312 335
2692 318 335
2693 324 335
2694 330 335
2695 336 335
2696 342 335
2697 348 335
2698 354 335
2699 360 335
2700 366 335
2701 372 335
2702 378 335
2703 384 335
2704 390 335
2705 396 335
2706 402 335
2707 408 335
2708 414 335
2709 420 335
2710 426 335
2711 432 335
2712 438 335
2713 444 335
2714 450 335
2715 456 335
2716 462 335
2717 468 335
2718 474 335
2719 480 335
2720 6 345
2721 12 345
2722 18 345
2723 24 345
2724 30 345
2725 36 345
2726 42 345
2727 48 345
2728 54 345
2729 60 345
2730 66 345
2731 72 345
2732 78 345
2733 84 345
2734 90 345
2735 96 345
2736 102 345
2737 108 345
2738 114 345
2739 120 345
2740 126 345
2741 132 345
2742 138 345
2743 144 345
2744 150 345
2745 156 345
2746 162 345
2747 168 345
2748 174 345
2749 180 345
2750 186 345
2751 192 345
2752 198 345
2753 204 345
2754 210 345
2755 216 345
2756 222 345
2757 228 345
2758 234 345
2759 240 345
2760 246 345
2761 252 345
2762 258 345
2763 264 345
2764 270 345
2765 276 345
2766 282 345
2767 288 345
2768 294 345
2769 300 345
2770 306 345
2771 312 345
2772 318 345
2773 324 345
2774 330 345
2775 336 345
2776 342 345
2777 348 345
2778 354 345
2779 360 345
2780 366 345
2781 372 345
2782 378 345
2783 384 345
2784 390 345
2785 396 345
2786 402 345
2787 408 345
2788 414 345
2789 420 345
2790 426 345
2791 432 345
2792 438 345
2793 444 345
2794 450 345
2795 456 345
2796 462 345
2797 468 345
2798 474 345
2799 480 345
2800 6 355
2801 12 355
2802 18 355
2803 24 355
2804 30 355
2805 36 355
2806 42 355
2807 48 355
2808 54 355
2809 60 355
2810 66 355
2811 72 355
2812 78 355
2813 84 355
2814 90 355
2815 96 355
2816 102 355
2817 108 355
2818 114 355
2819 120 355
2820 126 355
2821 132 355
2822 138 355
2823 144 355
2824 150 355
2825 156 355
2826 162 355
2827 168 355
2828 174 355
2829 180 355
2830 186 355
2831 192 355
2832 198 355
2833 204 355
2834 210 355
2835 216 355
2836 222 355
2837 228 355
2838 234 355
2839 240 355
2840 246 355
2841 252 355
2842 258 355
2843 264 355
2844 270 355
2845 276 355
2846 282 355
2847 288 355
2848 294 355
2849 300 355
2850 306 355
2851 312 355
2852 318 355
2853 324 355
2854 330 355
2855 336 355
2856 342 355
2857 348 355
2858 354 355
2859 360 355
2860 366 355
2861 372 355
2862 378 355
2863 384 355
2864 390 355
2865 396 355
2866 402 355
2867 408 355
2868 414 355
2869 420 355
2870 426 355
2871 432 355
2872 438 355
2873 444 355
2874 450 355
2875 456 355
2876 462 355
2877 468 355
2878 474 355
2879 480 355
2880 6 365
2881 12 365
2882 18 365
2883 24 365
2884 30 365
2885 36 365
2886 42 365
2887 48 365
2888 54 365
2889 60 365
2890 66 365
2891 72 365
2892 78 365
2893 84 365
2894 90 365
2895 96 365
2896 102 365
2897 108 365
2898 114 365
2899 120 365
2900 126 365
2901 132 365
2902 138 365
2903 144 365
2904 150 365
2905 156 365
2906 162 365
2907 168 365
2908 174 365
2909 180 365
2910 186 365
2911 192 365
2912 198 365
2913 204 365
2914 210 365
2915 216 365
2916 222 365
2917 228 365
2918 234 365
2919 240 365
2920 246 365
2921 252 365
2922 258 365
2923 264 365
2924 270 365
2925 276 365
2926 282 365
2927 288 365
2928 294 365
2929 300 365
2930 306 365
2931 312 365
2932 318 365
2933 324 365
2934 330 365
2935 336 365
2936 342 365
2937 348 365
2938 354 365
2939 360 365
2940 366 365
2941 372 365
2942 378 365
2943 384 365
2944 390 365
2945 396 365
2946 402 365
2947 408 365
2948 414 365
2949 420 365
2950 426 365
2951 432 365
2952 438 365
2953 444 365
2954 450 365
2955 456 365
2956 462 365
2957 468 365
2958 474 365
2959 480 365
2960 6 375
2961 12 375
2962 18 375
2963 24 375
2964 30 375
2965 36 375
2966 42 375
2967 48 375
2968 54 375
2969 60 375
2970 66 375
2971 72 375
2972 78 375
2973 84 375
2974 90 375
2975 96 375
2976 102 375
2977 108 375
2978 114 375
2979 120 375
2980 126 375
2981 132 375
2982 138 375
2983 144 375
2984 150 375
2985 156 375
2986 162 375
2987 168 375
2988 174 375
2989 180 375
2990 186 375
2991 192 375
2992 198 375
2993 204 375
2994 210 375
2995 216 375
2996 222 375
2997 228 375
2998 234 375
2999 240 375
3000 246 375
3001 252 375
3002 258 375
3003 264 375
3004 270 375
3005 276 375
3006 282 375
3007 288 375
3008 294 375
3009 300 375
3010 306 375
3011 312 375
3012 318 375
3013 324 375
3014 330 375
3015 336 375
3016 342 375
3017 348 375
3018 354 375
3019 360 375
3020 366 375
3021 372 375
3022 378 375
3023 384 375
3024 390 375
3025 396 375
3026 402 375
3027 408 375
3028 414 375
3029 420 375
3030 426 375
3031 432 375
3032 438 375
3033 444 375
3034 450 375
3035 456 375
3036 462 375
3037 468 375
3038 474 375
3039 480 375
3040 6 385
3041 12 385
3042 18 385
3043 24 385
3044 30 385
3045 36 385
3046 42 385
3047 48 385
3048 54 385
3049 60 385
3050 66 385
3051 72 385
3052 78 385
3053 84 385
3054 90 385
3055 96 385
3056 102 385
3057 108 385
3058 114 385
3059 120 385
3060 126 385
3061 132 385
3062 138 385
3063 144 385
3064 150 385
3065 156 385
3066 162 385
3067 168 385
3068 174 385
3069 180 385
3070 186 385
3071 192 385
3072 198 385
3073 204 385
3074 210 385
3075 216 385
3076 222 385
3077 228 385
3078 234 385
3079 240 385
3080 246 385
3081 252 385
3082 258 385
3083 264 385
3084 270 385
3085 276 385
3086 282 385
3087 288 385
3088 294 385
3089 300 385
3090 306 385
3091 312 385
3092 318 385
3093 324 385
3094 330 385
3095 336 385
3096 342 385
3097 348 385
3098 354 385
3099 360 385
3100 366 385
3101 372 385
3102 378 385
3103 384 385
3104 390 385
3105 396 385
3106 402 385
3107 408 385
3108 414 385
3109 420 385
3110 426 385
3111 432 385
3112 438 385
3113 444 385
3114 450 385
3115 456 385
3116 462 385
3117 468 385
3118 474 385
3119 480 385
3120 6 395
3121 12 395
3122 18 395
3123 24 395
3124 30 395
3125 36 395
3126 42 395
3127 48 395
3128 54 395
3129 60 395
3130 66 395
3131 72 395
3132 78 395
3133 84 395
3134 90 395
3135 96 395
3136 102 395
3137 108 395
3138 114 395
3139 120 395
3140 126 395
3141 132 395
3142 138 395
3143 144 395
3144 150 395
3145 156 395
3146 162 395
3147 168 395
3148 174 395
3149 180 395
3150 186 395
3151 192 395
3152 198 395
3153 204 395
3154 210 395
3155 216 395
3156 222 395
3157 228 395
3158 234 395
3159 240 395
3160 246 395
3161 252 395
3162 258 395
3163 264 395
3164 270 395
3165 276 395
3166 282 395
3167 288 395
3168 294 395
3169 300 395
3170 306 395
3171 312 395
3172 318 395
3173 324 395
3174 330 395
3175 336 395
3176 342 395
3177 348 395
3178 354 395
3179 360 395
3180 366 395
3181 372 395
3182 378 395
3183 384 395
3184 390 395
3185 396 395
3186 402 395
3187 408 395
3188 414 395
3189 420 395
3190 426 395
3191 432 395
3192 438 395
3193 444 395
3194 450 395
3195 456 395
3196 462 395
3197 468 395
3198 474 395
3199 480 395
3200 6 405
3201 12 405
3202 18 405
3203 24 405
3204 30 405
3205 36 405
3206 42 405
3207 48 405
3208 54 405
3209 60 405
3210 66 405
3211 72 405
3212 78 405
3213 84 405
3214 90 405
3215 96 405
3216 102 405
3217 108 405
3218 114 405
3219 120 405
3220 126 405
3221 132 405
3222 138 405
3223 144 405
3224 150 405
3225 156 405
3226 162 405
3227 168 405
3228 174 405
3229 180 405
3230 186 405
3231 192 405
3232 198 405
3233 204 405
3234 210 405
3235 216 405
3236 222 405
3237 228 405
3238 234 405
3239 240 405
3240 246 405
3241 252 405
3242 258 405
3243 264 405
3244 270 405
3245 276 405
3246 282 405
3247 288 405
3248 294 405
3249 300 405
3250 306 405
3251 312 405
3252 318 405
3253 324 405
3254 330 405
3255 336 405
3256 342 405
3257 348 405
3258 354 405
3259 360 405
3260 366 405
3261 372 405
3262 378 405
3263 384 405
3264 390 405
3265 396 405
3266 402 405
3267 408 405
3268 414 405
3269 420 405
3270 426 405
3271 432 405
3272 438 405
3273 444 405
3274 450 405
3275 456 405
3276 462 405
3277 468 405
3278 474 405
3279 480 405
3280 6 415
3281 12 415
3282 18 415
3283 24 415
3284 30 415
3285 36 415
3286 42 415
3287 48 415
3288 54 415
3289 60 415
3290 66 415
3291 72 415
3292 78 415
3293 84 415
3294 90 415
3295 96 415
3296 102 415
3297 108 415
3298 114 415
3299 120 415
3300 126 415
3301 132 415
3302 138 415
3303 144 415
3304 150 415
3305 156 415
3306 162 415
3307 168 415
3308 174 415
3309 180 415
3310 186 415
3311 192 415
3312 198 415
3313 204 415
3314 210 415
3315 216 415
3316 222 415
3317 228 415
3318 234 415
3319 240 415
3320 246 415
3321 252 415
3322 258 415
3323 264 415
3324 270 415
3325 276 415
3326 282 415
3327 288 415
3328 294 415
3329 300 415
3330 306 415
3331 312 415
3332 318 415
3333 324 415
3334 330 415
3335 336 415
3336 342 415
3337 348 415
3338 354 415
3339 360 415
3340 366 415
3341 372 415
3342 378 415
3343 384 415
3344 390 415
3345 396 415
3346 402 415
3347 408 415
3348 414 415
3349 420 415
3350 426 415
3351 432 415
3352 438 415
3353 444 415
3354 450 415
3355 456 415
3356 462 415
3357 468 415
3358 474 415
3359 480 415
3360 6 425
3361 12 425
3362 18 425
3363 24 425
3364 30 425
3365 36 425
3366 42 425
3367 48 425
3368 54 425
3369 60 425
3370 66 425
3371 72 425
3372 78 425
3373 84 425
3374 90 425
3375 96 425
3376 102 425
3377 108 425
3378 114 425
3379 120 425
3380 126 425
3381 132 425
3382 138 425
3383 144 425
3384 150 425
3385 156 425
3386 162 425
3387 168 425
3388 174 425
3389 180 425
3390 186 425
3391 192 425
3392 198 425
3393 204 425
3394 210 425
3395 216 425
3396 222 425
3397 228 425
3398 234 425
3399 240 425
3400 246 425
3401 252 425
3402 258 425
3403 264 425
3404 270 425
3405 276 425
3406 282 425
3407 288 425
3408 294 425
3409 300 425
3410 306 425
3411 312 425
3412 318 425
3413 324 425
3414 330 425
3415 336 425
3416 342 425
3417 348 425
3418 354 425
3419 360 425
3420 366 425
3421 372 425
3422 378 425
3423 384 425
3424 390 425
3425 396 425
3426 402 425
3427 408 425
3428 414 425
3429 420 425
3430 426 425
3431 432 425
3432 438 425
3433 444 425
3434 450 425
3435 456 425
3436 462 425
3437 468 425
3438 474 425
3439 480 425
3440 6 435
3441 12 435
3442 18 435
3443 24 435
3444 30 435
3445 36 435
3446 42 435
3447 48 435
3448 54 435
3449 60 435
3450 66 435
3451 72 435
3452 78 435
3453 84 435
3454 90 435
3455 96 435
3456 102 435
3457 108 435
3458 114 435
3459 120 435
3460 126 435
3461 132 435
3462 138 435
3463 144 435
3464 150 435
3465 156 435
3466 162 435
3467 168 435
3468 174 435
3469 180 435
3470 186 435
3471 192 435
3472 198 435
3473 204 435
3474 210 435
3475 216 435
3476 222 435
3477 228 435
3478 234 435
3479 240 435
3480 246 435
3481 252 435
3482 258 435
3483 264 435
3484 270 435
3485 276 435
3486 282 435
3487 288 435
3488 294 435
3489 300 435
3490 306 435
3491 312 435
3492 318 435
3493 324 435
3494 330 435
3495 336 435
3496 342 435
3497 348 435
3498 354 435
3499 360 435
3500 366 435
3501 372 435
3502 378 435
3503 384 435
3504 390 435
3505 396 435
3506 402 435
3507 408 435
3508 414 435
3509 420 435
3510 426 435
3511 432 435
3512 438 435
3513 444 435
3514 450 435
3515 456 435
3516 462 435
3517 468 435
3518 474 435
3519 480 435
3520 6 445
3521 12 445
3522 18 445
3523 24 445
3524 30 445
3525 36 445
3526 42 445
3527 48 445
3528 54 445
3529 60 445
3530 66 445
3531 72 445
3532 78 445
3533 84 445
3534 90 445
3535 96 445
3536 102 445
3537 108 445
3538 114 445
3539 120 445
3540 126 445
3541 132 445
3542 138 445
3543 144 445
3544 150 445
3545 156 445
3546 162 445
3547 168 445
3548 174 445
3549 180 445
3550 186 445
3551 192 445
3552 198 445
3553 204 445
3554 210 445
3555 216 445
3556 222 445
3557 228 445
3558 234 445
3559 240 445
3560 246 445
3561 252 445
3562 258 445
3563 264 445
3564 270 445
3565 276 445
3566 282 445
3567 288 445
3568 294 445
3569 300 445
3570 306 445
3571 312 445
3572 318 445
3573 324 445
3574 330 445
3575 336 445
3576 342 445
3577 348 445
3578 354 445
3579 360 445
3580 366 445
3581 372 445
3582 378 445
3583 384 445
3584 390 445
3585 396 445
3586 402 445
3587 408 445
3588 414 445
3589 420 445
3590 426 445
3591 432 445
3592 438 445
3593 444 445
3594 450 445
3595 456 445
3596 462 445
3597 468 445
3598 474 445
3599 480 445
3600 6 455
3601 12 455
3602 18 455
3603 24 455
3604 30 455
3605 36 455
3606 42 455
3607 48 455
3608 54 455
3609 60 455
3610 66 455
3611 72 455
3612 78 455
3613 84 455
3614 90 455
3615 96 455
3616 102 455
3617 108 455
3618 114 455
3619 120 455
3620 126 455
3621 132 455
3622 138 455
3623 144 455
3624 150 455
3625 156 455
3626 162 455
3627 168 455
3628 174 455
3629 180 455
3630 186 455
3631 192 455
3632 198 455
3633 204 455
3634 210 455
3635 216 455
3636 222 455
3637 228 455
3638 234 455
3639 240 455
3640 246 455
3641 252 455
3642 258 455
3643 264 455
3644 270 455
3645 276 455
3646 282 455
3647 288 455
3648 294 455
3649 300 455
3650 306 455
3651 312 455
3652 318 455
3653 324 455
3654 330 455
3655 336 455
3656 342 455
3657 348 455
3658 354 455
3659 360 455
3660 366 455
3661 372 455
3662 378 455
3663 384 455
3664 390 455
3665 396 455
3666 402 455
3667 408 455
3668 414 455
3669 420 455
3670 426 455
3671 432 455
3672 438 455
3673 444 455
3674 450 455
3675 456 455
3676 462 455
3677 468 455
3678 474 455
3679 480 455
3680 6 465
3681 12 465
3682 18 465
3683 24 465
3684 30 465
3685 36 465
3686 42 465
3687 48 465
3688 54 465
3689 60 465
3690 66 465
3691 72 465
3692 78 465
3693 84 465
3694 90 465
3695 96 465
3696 102 465
3697 108 465
3698 114 465
3699 120 465
3700 126 465
3701 132 465
3702 138 465
3703 144 465
3704 150 465
3705 156 465
3706 162 465
3707 168 465
3708 174 465
3709 180 465
3710 186 465
3711 192 465
3712 198 465
3713 204 465
3714 210 465
3715 216 465
3716 222 465
3717 228 465
3718 234 465
3719 240 465
3720 246 465
3721 252 465
3722 258 465
3723 264 465
3724 270 465
3725 276 465
3726 282 465
3727 288 465
3728 294 465
3729 300 465
3730 306 465
3731 312 465
3732 318 465
3733 324 465
3734 330 465
3735 336 465
3736 342 465
3737 348 465
3738 354 465
3739 360 465
3740 366 465
3741 372 465
3742 378 465
3743 384 465
3744 390 465
3745 396 465
3746 402 465
3747 408 465
3748 414 465
3749 420 465
3750 426 465
3751 432 465
3752 438 465
3753 444 465
3754 450 465
3755 456 465
3756 462 465
3757 468 465
3758 474 465
3759 480 465
3760 6 475
3761 12 475
3762 18 475
3763 24 475
3764 30 475
3765 36 475
3766 42 475
3767 48 475
3768 54 475
3769 60 475
3770 66 475
3771 72 475
3772 78 475
3773 84 475
3774 90 475
3775 96 475
3776 102 475
3777 108 475
3778 114 475
3779 120 475
3780 126 475
3781 132 475
3782 138 475
3783 144 475
3784 150 475
3785 156 475
3786 162 475
3787 168 475
3788 174 475
3789 180 475
3790 186 475
3791 192 475
3792 198 475
3793 204 475
3794 210 475
3795 216 475
3796 222 475
3797 228 475
3798 234 475
3799 240 475
3800 246 475
3801 252 475
3802 258 475
3803 264 475
3804 270 475
3805 276 475
3806 282 475
3807 288 475
3808 294 475
3809 300 475
3810 306 475
3811 312 475
3812 318 475
3813 324 475
3814 330 475
3815 336 475
3816 342 475
3817 348 475
3818 354 475
3819 360 475
3820 366 475
3821 372 475
3822 378 475
3823 384 475
3824 390 475
3825 396 475
3826 402 475
3827 408 475
3828 414 475
3829 420 475
3830 426 475
3831 432 475
3832 438 475
3833 444 475
3834 450 475
3835 456 475
3836 462 475
3837 468 475
3838 474 475
3839 480 475
3840 6 485
3841 12 485
3842 18 485
3843 24 485
3844 30 485
3845 36 485
3846 42 485
3847 48 485
3848 54 485
3849 60 485
3850 66 485
3851 72 485
3852 78 485
3853 84 485
3854 90 485
3855 96 485
3856 102 485
3857 108 485
3858 114 485
3859 120 485
3860 126 485
3861 132 485
3862 138 485
3863 144 485
3864 150 485
3865 156 485
3866 162 485
3867 168 485
3868 174 485
3869 180 485
3870 186 485
3871 192 485
3872 198 485
3873 204 485
3874 210 485
3875 216 485
3876 222 485
3877 228 485
3878 234 485
3879 240 485
3880 246 485
3881 252 485
3882 258 485
3883 264 485
3884 270 485
3885 276 485
3886 282 485
3887 288 485
3888 294 485
3889 300 485
3890 306 485
3891 312 485
3892 318 485
3893 324 485
3894 330 485
3895 336 485
3896 342 485
3897 348 485
3898 354 485
3899 360 485
3900 366 485
3901 372 485
3902 378 485
3903 384 485
3904 390 485
3905 396 485
3906 402 485
3907 408 485
3908 414 485
3909 420 485
3910 426 485
3911 432 485
3912 438 485
3913 444 485
3914 450 485
3915 456 485
3916 462 485
3917 468 485
3918 474 485
3919 480 485
3920 6 495
3921 12 495
3922 18 495
3923 24 495
3924 30 495
3925 36 495
3926 42 495
3927 48 495
3928 54 495
3929 60 495
3930 66 495
3931 72 495
3932 78 495
3933 84 495
3934 90 495
3935 96 495
3936 102 495
3937 108 495
3938 114 495
3939 120 495
3940 126 495
3941 132 495
3942 138 495
3943 144 495
3944 150 495
3945 156 495
3946 162 495
3947 168 495
3948 174 495
3949 180 495
3950 186 495
3951 192 495
3952 198 495
3953 204 495
3954 210 495
3955 216 495
3956 222 495
3957 228 495
3958 234 495
3959 240 495
3960 246 495
3961 252 495
3962 258 495
3963 264 495
3964 270 495
3965 276 495
3966 282 495
3967 288 495
3968 294 495
3969 300 495
3970 306 495
3971 312 495
3972 318 495
3973 324 495
3974 330 495
3975 336 495
3976 342 495
3977 348 495
3978 354 495
3979 360 495
3980 366 495
3981 372 495
3982 378 495
3983 384 495
3984 390 495
3985 396 495
3986 402 495
3987 408 495
3988 414 495
3989 420 495
3990 426 495
3991 432 495
3992 438 495
3993 444 495
3994 450 495
3995 456 495
3996 462 495
3997 468 495
3998 474 495
3999 480 495
